File: CPM_Data
This file contains information on the least squares
 estimation of the coregistration parameters.
This info is used in the plotcmp script.
There are 10 columns with:
Window number, position L, position P, 
 offsetL (observation), offsetP (observation), correlation,
 estimated errorL, errorP, w-test statistics for L, P.
win   posL  posP      offL      offP  corr      eL     eP  wtstL  wtstP
------------------------------------------------------------
   1  2185  2497    -47.75    -33.56   0.50   2.06  -0.36  96.53  16.87
   2  2185  2608    -48.19    -33.44   0.48   1.73  -0.13  73.80   5.37
  12  2185  3723    -49.88    -34.19   0.42   1.44   0.36  47.75  11.94
  14  2298  2514    -49.88    -33.19   0.43  -0.09   0.01   3.05   0.42
  29  2412  2755    -51.75    -34.12   0.44  -1.78  -0.68  64.21  24.49
  37  2412  3647    -52.19    -34.19   0.48  -1.14   0.25  48.22  10.35
  38  2412  3758    -50.19    -34.25   0.53   1.02   0.32  52.74  16.25
  50  2525  3664    -52.31    -34.06   0.58  -1.31   0.38  80.77  23.61
  51  2525  3776    -50.00    -34.69   0.60   1.16  -0.12  78.52   7.79
  55  2639  2790    -50.06    -33.31   0.44  -0.14   0.14   5.12   5.09
  62  2639  3570    -49.81    -34.12   0.41   0.99   0.20  31.22   6.40
  64  2639  3793    -50.06    -35.12   0.44   1.05  -0.54  37.93  19.35
  68  2752  2807    -49.94    -33.56   0.50  -0.05  -0.10   2.19   4.67
  70  2752  3030    -49.81    -33.88   0.49   0.29  -0.18  12.81   7.88
  78  2866  2490    -49.94    -33.81   0.53  -0.33  -0.70  16.92  36.18
  81  2866  2825    -49.62    -33.75   0.51   0.25  -0.29  11.63  13.48
  86  2866  3382    -52.75    -33.81   0.44  -2.32   0.27  82.94   9.77
  89  2866  3717    -51.00    -34.50   0.60  -0.14  -0.03   9.39   1.86
  91  2979  2508    -50.81    -33.50   0.47  -1.21  -0.39  49.35  15.67
  99  2979  3400    -52.12    -33.94   0.49  -1.73   0.15  75.03   6.64
 100  2979  3511    -52.12    -33.81   0.42  -1.59   0.41  52.45  13.50
 102  2979  3734    -48.12    -34.12   0.48   2.69   0.36 112.87  15.16
 104  3093  2525    -48.94    -32.88   0.52   0.64   0.24  31.39  11.79
 112  3093  3417    -51.94    -34.50   0.47  -1.58  -0.40  63.69  16.02
 115  3093  3752    -51.50    -34.44   0.55  -0.74   0.05  40.19   2.87
 117  3206  2543    -48.06    -32.81   0.44   1.50   0.32  53.89  11.36
 120  3206  2877    -50.06    -33.31   0.58  -0.27   0.18  16.25  10.67
 126  3206  3546    -47.69    -34.81   0.44   2.75  -0.57  98.17  20.29
 128  3206  3769    -50.06    -34.50   0.48   0.66   0.00  27.63   0.13
 132  3320  2783    -50.56    -33.56   0.50  -0.87  -0.19  39.34   8.47
 135  3320  3118    -50.12    -34.25   0.50  -0.17  -0.51   7.57  22.99
 141  3320  3787    -48.19    -34.75   0.50   2.48  -0.23 112.61  10.65
 144  3433  2689    -51.94    -33.50   0.44  -2.34  -0.24  83.66   8.57
 152  3433  3581    -48.25    -34.88   0.46   2.11  -0.62  81.47  23.79
 153  3433  3693    -51.62    -34.19   0.52  -1.13   0.20  54.63   9.91
 154  3433  3804    -48.06    -34.75   0.43   2.57  -0.22  88.37   7.69
 167  3660  2390    -49.50    -32.75   0.43  -0.10   0.17   3.31   5.94
 168  3660  2501    -50.25    -32.88   0.48  -0.80   0.16  33.64   6.64
 169  3660  2613    -51.94    -33.50   0.45  -2.44  -0.34  90.57  12.73
 170  3660  2724    -50.25    -33.44   0.43  -0.69  -0.16  23.62   5.59
 171  3660  2836    -47.44    -33.06   0.49   2.19   0.34  94.70  14.67
 172  3660  2947    -47.88    -33.06   0.55   1.82   0.46  98.61  24.99
 178  3660  3616    -51.56    -34.44   0.64  -1.27  -0.15  94.75  11.45
 180  3774  2407    -49.56    -32.81   0.42  -0.16   0.12   5.47   3.93
 181  3774  2519    -49.69    -33.12   0.42  -0.25  -0.07   8.32   2.42
 184  3774  2853    -47.81    -33.12   0.46   1.80   0.29  69.28  11.10
 190  3774  3522    -51.25    -34.00   0.45  -1.12   0.17  41.29   6.19
 191  3774  3634    -52.06    -33.81   0.57  -1.81   0.49 104.91  28.31
 193  3887  2425    -49.88    -33.00   0.45  -0.49  -0.06  18.51   2.35
 195  3887  2648    -46.00    -32.50   0.43   3.47   0.68 118.85  23.10
 196  3887  2759    -46.88    -32.75   0.43   2.65   0.55  90.50  18.65
 197  3887  2871    -48.00    -32.94   0.50   1.59   0.48  71.33  21.50
 203  3887  3540    -51.50    -34.00   0.56  -1.40   0.18  78.10  10.06
 204  3887  3651    -51.94    -34.19   0.49  -1.73   0.12  74.78   5.25
 207  4001  2554    -47.75    -33.00   0.44   1.67   0.06  59.48   2.31
 215  4001  3446    -52.25    -33.88   0.44  -2.29   0.18  81.35   6.49
 218  4001  3780    -50.25    -35.12   0.47   0.04  -0.66   1.42  26.64
 220  4114  2571    -47.38    -32.75   0.49   2.02   0.32  87.84  14.05
 224  4114  3017    -48.00    -33.31   0.42   1.61   0.25  52.94   8.33
 228  4114  3463    -47.88    -34.62   0.52   2.05  -0.55  98.98  26.31
 230  4114  3686    -52.06    -34.25   0.53  -1.93   0.09  96.67   4.45
 235  4228  2812    -52.31    -33.62   0.48  -2.83  -0.29 117.87  12.18
 237  4228  3035    -52.19    -33.56   0.48  -2.60   0.02 108.45   0.66
 243  4228  3704    -53.62    -33.50   0.43  -3.52   0.85 120.57  29.21
 245  4341  2495    -52.06    -33.25   0.41  -2.70  -0.27  85.57   8.70
 246  4341  2606    -47.94    -33.00   0.49   1.44   0.09  62.54   4.09
 255  4341  3610    -52.31    -34.19   0.47  -2.35   0.04  94.00   1.80
 260  4455  2735    -48.06    -33.00   0.45   1.35   0.23  49.88   8.40
 261  4455  2847    -47.94    -32.94   0.46   1.51   0.41  58.07  15.82
 263  4455  3070    -46.31    -33.25   0.46   3.24   0.35 125.01  13.53
 267  4455  3516    -48.31    -34.56   0.45   1.53  -0.44  56.46  16.39
 268  4455  3627    -50.19    -34.44   0.45  -0.26  -0.19   9.80   7.07
 269  4455  3739    -50.38    -35.06   0.51  -0.36  -0.68  16.72  31.64
 271  4568  2530    -52.19    -33.00   0.48  -2.85  -0.00 119.25   0.14
 273  4568  2753    -50.12    -32.94   0.44  -0.72   0.30  25.79  10.65
 279  4568  3422    -50.19    -34.12   0.41  -0.46  -0.12  14.62   3.77
 280  4568  3533    -50.44    -34.81   0.45  -0.64  -0.68  23.49  25.11
 282  4568  3756    -49.06    -34.81   0.44   0.93  -0.41  33.07  14.69
 286  4682  2770    -49.56    -33.06   0.41  -0.18   0.19   5.56   6.01
 292  4682  3439    -48.75    -34.19   0.46   0.95  -0.18  36.47   6.76
 297  4795  2565    -50.25    -32.88   0.42  -0.92   0.14  30.29   4.60
 309  4909  2471    -48.56    -33.19   0.46   0.76  -0.28  29.42  10.84
 310  4909  2582    -48.88    -32.94   0.43   0.44   0.09  15.21   3.14
 322  5022  2488    -50.12    -32.62   0.47  -0.81   0.30  32.64  12.27
 330  5022  3380    -50.19    -34.00   0.47  -0.64  -0.07  25.50   2.81
 332  5022  3603    -50.06    -34.81   0.57  -0.38  -0.62  21.74  35.63
 343  5136  3398    -50.75    -34.12   0.52  -1.22  -0.17  59.01   8.39
 356  5249  3415    -49.94    -33.94   0.47  -0.43   0.02  17.38   0.90
 359  5249  3750    -47.75    -33.94   0.56   1.95   0.43 110.10  24.05
 360  5363  2429    -49.88    -32.69   0.60  -0.56   0.15  38.10  10.31
 361  5363  2541    -49.88    -32.69   0.49  -0.57   0.27  24.94  11.93
 369  5363  3433    -50.25    -34.12   0.47  -0.77  -0.14  30.72   5.60
 381  5476  3339    -48.50    -33.25   0.44   0.92   0.62  32.66  21.94
 383  5476  3562    -48.38    -34.31   0.53   1.13  -0.18  56.77   8.96
 385  5476  3785    -48.38    -34.12   0.52   1.26   0.28  61.49  13.84
 396  5590  3579    -50.25    -34.12   0.46  -0.76   0.03  29.44   1.12
 406  5703  3262    -51.69    -32.62   0.50  -2.34   1.15 105.51  51.70
 409  5703  3597    -52.12    -34.12   0.49  -2.66   0.05 115.04   2.10
 419  5817  3280    -47.94    -33.06   0.47   1.39   0.73  55.75  29.19
 422  5817  3614    -48.38    -34.69   0.52   1.06  -0.50  51.21  24.36
 427  5930  2740    -52.38    -33.31   0.47  -3.09  -0.15 123.95   5.88
 430  5930  3074    -48.31    -33.44   0.42   0.97   0.10  31.95   3.43
 431  5930  3186    -48.94    -33.25   0.46   0.35   0.42  13.67  16.40
 435  5930  3632    -49.31    -34.19   0.44   0.10   0.02   3.68   0.63
 440  6044  2757    -49.69    -33.19   0.56  -0.40  -0.01  22.62   0.58
 444  6044  3203    -50.31    -34.06   0.47  -1.03  -0.37  41.31  14.75
 448  6044  3649    -50.12    -34.81   0.43  -0.73  -0.58  25.05  19.97
 457  6157  3221    -49.62    -33.44   0.45  -0.35   0.27  13.05  10.10
 475  6271  3796    -48.44    -34.31   0.53   0.94   0.10  48.20   4.98
 481  6384  3033    -48.12    -33.75   0.49   1.13  -0.26  48.89  11.28
 486  6384  3590    -50.06    -34.38   0.41  -0.77  -0.23  24.26   7.14
 488  6384  3813    -45.94    -33.75   0.43   3.42   0.68 118.09  23.46
 530  6838  2768    -49.88    -32.94   0.59  -0.56   0.24  35.07  15.11
 531  6838  2880    -50.38    -33.94   0.41  -1.10  -0.63  34.63  19.83
 538  6838  3660    -48.12    -33.81   0.54   1.09   0.43  57.33  22.66
 542  6952  2674    -51.56    -33.31   0.41  -2.19  -0.23  69.11   7.41
 568  7179  2709    -47.94    -33.25   0.44   1.44  -0.13  51.43   4.79
 576  7179  3601    -47.75    -34.44   0.56   1.41  -0.26  79.06  14.90
 578  7292  2392    -49.38    -33.00   0.43   0.22  -0.24   7.68   8.41
 581  7292  2727    -49.44    -34.06   0.47  -0.05  -0.92   2.06  37.03
 586  7292  3284    -49.81    -34.00   0.44  -0.63  -0.21  22.40   7.46
 589  7292  3619    -49.75    -34.25   0.47  -0.61  -0.05  24.47   2.01
 591  7406  2410    -50.50    -32.62   0.45  -0.89   0.16  33.74   6.13
 599  7406  3302    -47.75    -34.25   0.48   1.42  -0.44  59.30  18.12
 612  7519  3319    -47.88    -34.31   0.45   1.29  -0.47  47.74  17.49
 619  7633  2668    -48.12    -33.69   0.46   1.36  -0.62  52.70  23.81
 631  7746  2574    -51.75    -32.88   0.42  -2.18   0.09  71.94   2.96
 632  7746  2685    -50.50    -33.00   0.50  -1.01   0.10  45.36   4.33
 637  7746  3243    -46.00    -34.44   0.43   3.20  -0.69 109.25  23.50
 644  7860  2591    -49.56    -33.75   0.45   0.03  -0.76   1.08  28.35
 662  7973  3166    -47.31    -33.81   0.54   1.93  -0.14 100.39   7.42
 673  8087  2961    -51.50    -33.06   0.44  -2.13   0.37  75.66  13.04
 675  8087  3184    -50.31    -33.94   0.58  -1.07  -0.25  63.88  14.81
 680  8087  3741    -47.81    -34.75   0.47   1.24  -0.37  50.31  14.97
 685  8200  2867    -48.12    -33.31   0.62   1.34   0.01  92.47   0.71
 686  8200  2978    -47.94    -33.56   0.52   1.44  -0.11  69.44   5.25
 687  8200  3090    -47.94    -33.62   0.41   1.37  -0.04  43.06   1.12
 698  8314  2884    -48.50    -33.00   0.56   0.97   0.34  53.98  19.23
 701  8314  3219    -48.38    -34.62   0.43   0.87  -0.88  29.65  29.90
 712  8427  3013    -48.25    -33.38   0.55   1.14   0.12  61.57   6.57
 713  8427  3125    -47.81    -33.19   0.45   1.51   0.45  55.82  16.52
 714  8427  3236    -49.06    -33.25   0.42   0.19   0.52   6.24  17.08
 724  8541  2919    -49.88    -33.44   0.56  -0.39  -0.04  21.87   2.47
 725  8541  3031    -50.06    -33.88   0.44  -0.66  -0.35  23.38  12.48
 726  8541  3142    -48.00    -33.62   0.55   1.32   0.04  71.27   2.29
 728  8541  3365    -50.00    -34.06   0.52  -0.81  -0.13  39.21   6.05
 729  8541  3477    -51.38    -33.38   0.41  -2.25   0.69  70.87  21.86
 737  8654  2937    -47.50    -33.62   0.56   2.00  -0.20 111.58  11.02
 739  8654  3160    -49.88    -33.94   0.41  -0.55  -0.25  17.32   7.86
 741  8654  3383    -49.88    -34.25   0.44  -0.69  -0.29  24.62  10.21
 743  8654  3606    -50.31    -33.44   0.43  -1.23   0.80  42.41  27.56
 748  8768  2731    -51.88    -32.88   0.56  -2.17   0.31 122.24  17.24
 751  8768  3066    -51.94    -34.19   0.46  -2.52  -0.61  97.02  23.37
 752  8768  3177    -49.94    -34.00   0.41  -0.60  -0.28  19.00   8.90
 761  8881  2749    -51.75    -32.88   0.50  -2.02   0.33  91.17  15.00
 764  8881  3083    -50.62    -34.00   0.52  -1.19  -0.39  57.53  18.85
 773  8995  2655    -51.75    -32.94   0.41  -1.88   0.17  59.75   5.35
 788  9108  2895    -49.69    -33.19   0.49  -0.04   0.21   1.61   9.00
 789  9108  3007    -47.19    -33.38   0.54   2.36   0.15 122.67   7.91
 790  9108  3118    -47.94    -33.12   0.54   1.51   0.55  78.50  28.43
 796  9108  3787    -49.19    -34.81   0.46  -0.19  -0.31   7.41  12.14
 801  9222  2913    -48.00    -33.06   0.46   1.67   0.37  64.39  14.15
 802  9222  3024    -49.94    -33.44   0.53  -0.38   0.12  19.10   6.02
 808  9222  3693    -49.94    -34.00   0.42  -0.88   0.39  29.40  13.03
 809  9222  3805    -49.50    -34.00   0.44  -0.50   0.54  18.42  19.61
 814  9335  2930    -51.94    -33.38   0.46  -2.26   0.07  87.14   2.88
 815  9335  3042    -50.38    -33.25   0.52  -0.81   0.34  39.16  16.46
 816  9335  3153    -50.38    -33.81   0.41  -0.91  -0.09  28.74   2.70
 821  9335  3711    -49.75    -34.19   0.53  -0.70   0.23  36.32  12.18
 826  9449  2836    -49.94    -33.31   0.42  -0.12   0.04   3.90   1.32
 828  9449  3059    -49.75    -33.81   0.56  -0.16  -0.19   9.20  10.79
 832  9449  3505    -46.12    -35.62   0.43   3.08  -1.45 106.12  49.92
 833  9449  3617    -50.19    -34.12   0.41  -1.07   0.19  33.98   6.14
 834  9449  3728    -49.88    -34.19   0.54  -0.83   0.27  45.30  14.48
 836  9562  2519    -48.12    -33.12   0.48   2.14  -0.13  92.53   5.82
 839  9562  2854    -47.94    -33.31   0.41   1.90   0.07  60.08   2.20
 841  9562  3077    -51.94    -33.44   0.44  -2.34   0.21  83.60   7.45
 852  9676  2871    -49.50    -33.50   0.44   0.36  -0.09  12.92   3.28
 853  9676  2983    -49.94    -33.69   0.44  -0.21  -0.15   7.39   5.25
 854  9676  3094    -50.56    -33.62   0.44  -0.95   0.06  33.81   2.08
 857  9676  3429    -48.12    -34.31   0.51   1.18  -0.22  55.68  10.22
 858  9676  3540    -49.94    -34.19   0.46  -0.73   0.04  28.65   1.73
 870  9789  3446    -52.19    -33.88   0.47  -2.89   0.25 117.11   9.95
 877  9903  2795    -51.88    -33.00   0.47  -1.84   0.34  74.84  13.64
 878  9903  2907    -50.12    -33.25   0.43  -0.22   0.22   7.60   7.58
 879  9903  3018    -50.19    -33.38   0.41  -0.42   0.22  13.36   7.10
 882  9903  3353    -49.50    -34.25   0.41  -0.09  -0.23   2.72   7.35
 884  9903  3576    -49.81    -34.50   0.48  -0.60  -0.20  25.42   8.50
 887 10016  2478    -49.94    -33.25   0.42   0.59  -0.28  20.12   9.49
 889 10016  2701    -50.50    -33.50   0.47  -0.29  -0.27  11.85  10.95
 890 10016  2813    -47.19    -33.69   0.48   2.87  -0.32 121.64  13.70
 899 10016  3816    -50.12    -34.31   0.41  -1.08   0.31  35.17  10.17
