          -15.885526           2.0000000
          -15.542791           0.0000000
          -15.200056           0.0000000
          -14.857321           0.0000000
          -14.514587           3.0000000
          -14.171852           2.0000000
          -13.829117           1.0000000
          -13.486382           0.0000000
          -13.143647           1.0000000
          -12.800913           1.0000000
          -12.458178           0.0000000
          -12.115443           3.0000000
          -11.772708           1.0000000
          -11.429973           2.0000000
          -11.087238           0.0000000
          -10.744504           2.0000000
          -10.401769           0.0000000
          -10.059034           2.0000000
          -9.7162992           0.0000000
          -9.3735644           1.0000000
          -9.0308296           4.0000000
          -8.6880948           1.0000000
          -8.3453600           1.0000000
          -8.0026251           2.0000000
          -7.6598903           1.0000000
          -7.3171555           6.0000000
          -6.9744207           0.0000000
          -6.6316859           2.0000000
          -6.2889511           4.0000000
          -5.9462163           2.0000000
          -5.6034815           0.0000000
          -5.2607466           2.0000000
          -4.9180118           2.0000000
          -4.5752770           3.0000000
          -4.2325422           7.0000000
          -3.8898074           2.0000000
          -3.5470726           9.0000000
          -3.2043378           3.0000000
          -2.8616030           1.0000000
          -2.5188681           4.0000000
          -2.1761333           5.0000000
          -1.8333985           7.0000000
          -1.4906637           1.0000000
          -1.1479289           9.0000000
         -0.80519408           62.000000
         -0.46245927           2134.0000
         -0.11972446           12229.000
          0.22301036           3901.0000
          0.56574517           67.000000
          0.90847998           1.0000000
