          -18.732485           5.0000000
          -17.834866           4.0000000
          -16.937248           5.0000000
          -16.039629           11.000000
          -15.142011           5.0000000
          -14.244393           5.0000000
          -13.346774           5.0000000
          -12.449156           7.0000000
          -11.551537           7.0000000
          -10.653919           1.0000000
          -9.7563002           6.0000000
          -8.8586817           1.0000000
          -7.9610632           0.0000000
          -7.0634447           0.0000000
          -6.1658263           0.0000000
          -5.2682078           0.0000000
          -4.3705893           0.0000000
          -3.4729709           0.0000000
          -2.5753524           2.0000000
          -1.6777339           44.000000
         -0.78011545           2743.0000
          0.11750303           13903.000
           1.0151215           1676.0000
           1.9127400           15.000000
           2.8103584           0.0000000
           3.7079769           0.0000000
           4.6055954           0.0000000
           5.5032139           0.0000000
           6.4008323           2.0000000
           7.2984508           0.0000000
           8.1960693           0.0000000
           9.0936877           0.0000000
           9.9913062           0.0000000
           10.888925           2.0000000
           11.786543           1.0000000
           12.684162           3.0000000
           13.581780           3.0000000
           14.479399           3.0000000
           15.377017           0.0000000
           16.274636           4.0000000
           17.172254           11.000000
           18.069872           2.0000000
           18.967491           2.0000000
           19.865109           2.0000000
           20.762728           4.0000000
           21.660346           5.0000000
           22.557965           1.0000000
           23.455583           1.0000000
           24.353202           1.0000000
           25.250820           1.0000000
